  -30.0000
  -30.0548
  -30.1092
  -30.1633
  -30.2171
  -30.2706
  -30.3238
  -30.3767
  -30.4292
  -30.4815
  -30.5334
  -30.5851
  -30.6365
  -30.6876
  -30.7385
  -30.7890
  -30.8393
  -30.8893
  -30.9391
  -30.9886
  -31.0379
  -31.0869
  -31.1356
  -31.1841
  -31.2324
  -31.2804
  -31.3282
  -31.3758
  -31.4231
  -31.4703
  -31.5171
  -31.5638
  -31.6103
  -31.6565
  -31.7025
  -31.7483
  -31.7939
  -31.8393
  -31.8845
  -31.9295
  -31.9743
  -32.0189
  -32.0633
  -32.1075
  -32.1516
  -32.1954
  -32.2391
  -32.2825
  -32.3258
  -32.3689
  -32.4119
  -32.4546
  -32.4972
  -32.5396
  -32.5819
  -32.6239
  -32.6658
  -32.7076
  -32.7492
  -32.7906
  -32.8318
  -32.8729
  -32.9139
  -32.9547
  -32.9953
  -33.0358
  -33.0761
  -33.1163
  -33.1563
  -33.1962
  -33.2359
  -33.2755
  -33.3150
  -33.3543
  -33.3935
  -33.4325
  -33.4714
  -33.5102
  -33.5488
  -33.5873
  -33.6256
  -33.6639
  -33.7019
  -33.7399
  -33.7777
  -33.8155
  -33.8530
  -33.8905
  -33.9278
  -33.9650
  -34.0021
  -34.0391
  -34.0759
  -34.1127
  -34.1493
  -34.1858
  -34.2221
  -34.2584
  -34.2945
  -34.3306
  -34.3665
  -34.4023
  -34.4380
  -34.4736
  -34.5091
  -34.5444
  -34.5797
  -34.6148
  -34.6499
  -34.6848
  -34.7197
  -34.7544
  -34.7890
  -34.8236
  -34.8580
  -34.8923
  -34.9265
  -34.9607
  -34.9947
  -35.0286
  -35.0625
  -35.0962
  -35.1298
  -35.1634
  -35.1968
  -35.2302
  -35.2635
  -35.2966
  -35.3297
  -35.3627
  -35.3956
  -35.4284
  -35.4611
  -35.4937
  -35.5263
  -35.5587
  -35.5911
  -35.6233
  -35.6555
  -35.6876
  -35.7197
  -35.7516
  -35.7834
  -35.8152
  -35.8469
  -35.8785
  -35.9100
  -35.9414
  -35.9728
  -36.0041
  -36.0353
  -36.0664
  -36.0974
  -36.1284
  -36.1593
  -36.1901
  -36.2208
  -36.2514
  -36.2820
  -36.3125
  -36.3429
  -36.3733
  -36.4035
  -36.4337
  -36.4638
  -36.4939
  -36.5239
  -36.5538
  -36.5836
  -36.6134
  -36.6430
  -36.6727
  -36.7022
  -36.7317
  -36.7611
  -36.7904
  -36.8197
  -36.8489
  -36.8780
  -36.9071
  -36.9361
  -36.9650
  -36.9939
  -37.0227
  -37.0514
  -37.0801
  -37.1087
  -37.1372
  -37.1657
  -37.1941
  -37.2224
  -37.2507
  -37.2789
  -37.3071
  -37.3351
  -37.3632
  -37.3911
  -37.4190
  -37.4469
  -37.4746
  -37.5024
  -37.5300
  -37.5576
  -37.5851
  -37.6126
  -37.6400
  -37.6674
  -37.6947
  -37.7219
  -37.7491
  -37.7762
  -37.8033
  -37.8303
  -37.8573
  -37.8842
  -37.9110
  -37.9378
  -37.9645
  -37.9912
  -38.0178
  -38.0443
  -38.0708
  -38.0973
  -38.1237
  -38.1500
  -38.1763
  -38.2025
  -38.2287
  -38.2548
  -38.2809
  -38.3069
  -38.3329
  -38.3588
  -38.3847
  -38.4105
  -38.4362
  -38.4619
  -38.4876
  -38.5132
  -38.5387
  -38.5642
  -38.5897
  -38.6151
  -38.6404
  -38.6657
  -38.6910
  -38.7162
  -38.7413
  -38.7664
  -38.7915
  -38.8165
  -38.8415
  -38.8664
  -38.8912
  -38.9160
  -38.9408
  -38.9655
  -38.9902
  -39.0148
  -39.0394
  -39.0639
  -39.0884
  -39.1128
  -39.1372
  -39.1616
  -39.1859
  -39.2101
  -39.2343
  -39.2585
  -39.2826
  -39.3067
  -39.3307
  -39.3547
  -39.3786
  -39.4025
  -39.4264
  -39.4502
  -39.4740
  -39.4977
  -39.5214
  -39.5450
  -39.5686
  -39.5921
  -39.6156
  -39.6391
  -39.6625
  -39.6859
  -39.7092
  -39.7325
  -39.7558
  -39.7790
  -39.8022
  -39.8253
  -39.8484
  -39.8714
  -39.8944
  -39.9174
  -39.9403
  -39.9632
  -39.9860
  -40.0088
  -40.0316
  -40.0543
  -40.0770
  -40.0996
  -40.1223
  -40.1448
  -40.1673
  -40.1898
  -40.2123
  -40.2347
  -40.2571
  -40.2794
  -40.3017
  -40.3239
  -40.3462
  -40.3683
  -40.3905
  -40.4126
  -40.4346
  -40.4567
  -40.4787
  -40.5006
  -40.5225
  -40.5444
  -40.5662
  -40.5881
  -40.6098
  -40.6316
  -40.6533
  -40.6749
  -40.6965
  -40.7181
  -40.7397
  -40.7612
  -40.7827
  -40.8041
  -40.8255
  -40.8469
  -40.8682
  -40.8895
  -40.9108
  -40.9320
  -40.9532
  -40.9744
  -40.9955
  -41.0166
  -41.0377
  -41.0587
  -41.0797
  -41.1007
  -41.1216
  -41.1425
  -41.1633
  -41.1842
  -41.2050
  -41.2257
  -41.2464
  -41.2671
  -41.2878
  -41.3084
  -41.3290
  -41.3495
  -41.3701
  -41.3906
  -41.4110
  -41.4315
  -41.4518
  -41.4722
  -41.4925
  -41.5128
  -41.5331
  -41.5533
  -41.5735
  -41.5937
  -41.6138
  -41.6340
  -41.6540
  -41.6741
  -41.6941
  -41.7141
  -41.7340
  -41.7539
  -41.7738
  -41.7937
  -41.8135
  -41.8333
  -41.8531
  -41.8728
  -41.8925
  -41.9122
  -41.9318
  -41.9515
  -41.9710
  -41.9906
  -42.0101
  -42.0296
  -42.0491
  -42.0685
  -42.0879
  -42.1073
  -42.1266
  -42.1460
  -42.1653
  -42.1845
  -42.2037
  -42.2229
  -42.2421
  -42.2613
  -42.2804
  -42.2995
  -42.3185
  -42.3375
  -42.3565
  -42.3755
  -42.3945
  -42.4134
  -42.4323
  -42.4511
  -42.4699
  -42.4887
  -42.5075
  -42.5263
  -42.5450
  -42.5637
  -42.5823
  -42.6010
  -42.6196
  -42.6382
  -42.6567
  -42.6752
  -42.6937
  -42.7122
  -42.7307
  -42.7491
  -42.7675
  -42.7858
  -42.8042
  -42.8225
  -42.8408
  -42.8590
  -42.8772
  -42.8954
  -42.9136
  -42.9318
  -42.9499
  -42.9680
  -42.9861
  -43.0041
  -43.0221
  -43.0401
  -43.0581
  -43.0760
  -43.0939
  -43.1118
  -43.1297
  -43.1475
  -43.1654
  -43.1831
  -43.2009
  -43.2186
  -43.2363
  -43.2540
  -43.2717
  -43.2893
  -43.3069
  -43.3245
  -43.3421
  -43.3596
  -43.3771
  -43.3946
  -43.4121
  -43.4295
  -43.4469
  -43.4643
  -43.4817
  -43.4990
  -43.5163
  -43.5336
  -43.5509
  -43.5681
  -43.5853
  -43.6025
  -43.6197
  -43.6368
  -43.6539
  -43.6710
  -43.6881
  -43.7052
  -43.7222
  -43.7392
  -43.7562
  -43.7731
  -43.7900
  -43.8069
  -43.8238
  -43.8407
  -43.8575
  -43.8743
  -43.8911
  -43.9079
  -43.9246
  -43.9413
  -43.9580
  -43.9747
  -43.9914
  -44.0080
  -44.0246
  -44.0412
  -44.0577
  -44.0743
  -44.0908
  -44.1072
  -44.1237
  -44.1402
  -44.1566
  -44.1730
  -44.1894
  -44.2057
  -44.2220
  -44.2383
  -44.2546
  -44.2709
  -44.2871
  -44.3034
  -44.3196
  -44.3357
  -44.3519
  -44.3680
  -44.3841
  -44.4002
  -44.4163
  -44.4323
  -44.4483
  -44.4643
  -44.4803
  -44.4963
  -44.5122
  -44.5281
  -44.5440
  -44.5599
  -44.5757
  -44.5916
  -44.6074
  -44.6232
  -44.6389
  -44.6547
  -44.6704
  -44.6861
  -44.7018
  -44.7174
  -44.7330
  -44.7487
  -44.7643
  -44.7798
  -44.7954
  -44.8109
  -44.8264
  -44.8419
  -44.8574
  -44.8728
  -44.8883
  -44.9037
  -44.9191
  -44.9344
  -44.9498
  -44.9651
  -44.9804
  -44.9957
  -45.0109
  -45.0262
  -45.0414
  -45.0566
  -45.0718
  -45.0870
  -45.1021
  -45.1172
  -45.1323
  -45.1474
  -45.1625
  -45.1775
  -45.1925
  -45.2075
  -45.2225
  -45.2375
  -45.2524
  -45.2673
  -45.2822
  -45.2971
  -45.3120
  -45.3268
  -45.3417
  -45.3565
  -45.3712
  -45.3860
  -45.4008
  -45.4155
  -45.4302
  -45.4449
  -45.4595
  -45.4742