   21.7864
   21.9073
   22.0275
   22.1471
   22.2661
   22.3844
   22.5020
   22.6191
   22.7356
   22.8515
   22.9668
   23.0815
   23.1957
   23.3093
   23.4223
   23.5349
   23.6468
   23.7583
   23.8692
   23.9797
   24.0896
   24.1990
   24.3079
   24.4164
   24.5244
   24.6319
   24.7389
   24.8455
   24.9516
   25.0573
   25.1625
   25.2673
   25.3717
   25.4756
   25.5792
   25.6823
   25.7850
   25.8873
   25.9891
   26.0906
   26.1917
   26.2925
   26.3928
   26.4927
   26.5923
   26.6915
   26.7904
   26.8889
   26.9870
   27.0848
   27.1822
   27.2793
   27.3760
   27.4724
   27.5684
   27.6642
   27.7596
   27.8546
   27.9494
   28.0438
   28.1380
   28.2318
   28.3253
   28.4184
   28.5113
   28.6039
   28.6962
   28.7882
   28.8799
   28.9713
   29.0625
   29.1533
   29.2439
   29.3342
   29.4242
   29.5139
   29.6034
   29.6926
   29.7815
   29.8702
   29.9586
   30.0468
   30.1347
   30.2223
   30.3097
   30.3968
   30.4837
   30.5704
   30.6568
   30.7429
   30.8289
   30.9146
   31.0000
   31.0852
   31.1702
   31.2550
   31.3395
   31.4238
   31.5079
   31.5917
   31.6754
   31.7588
   31.8420
   31.9250
   32.0077
   32.0903
   32.1726
   32.2548
   32.3367
   32.4184
   32.4999
   32.5813
   32.6624
   32.7433
   32.8240
   32.9045
   32.9849
   33.0650
   33.1449
   33.2247
   33.3042
   33.3836
   33.4628
   33.5418
   33.6206
   33.6992
   33.7777
   33.8560
   33.9340
   34.0120
   34.0897
   34.1673
   34.2446
   34.3218
   34.3989
   34.4758
   34.5524
   34.6290
   34.7053
   34.7815
   34.8576
   34.9334
   35.0091
   35.0847
   35.1600
   35.2353
   35.3103
   35.3852
   35.4600
   35.5346
   35.6090
   35.6833
   35.7574
   35.8314
   35.9052
   35.9789
   36.0524
   36.1258
   36.1990
   36.2721
   36.3450
   36.4178
   36.4904
   36.5629
   36.6353
   36.7075
   36.7796
   36.8515
   36.9233
   36.9950
   37.0665
   37.1379
   37.2091
   37.2802
   37.3512
   37.4221
   37.4928
   37.5633
   37.6338
   37.7041
   37.7743
   37.8444
   37.9143
   37.9841
   38.0538
   38.1233
   38.1927
   38.2620
   38.3312
   38.4003
   38.4692
   38.5380
   38.6067
   38.6752
   38.7437
   38.8120
   38.8802
   38.9483
   39.0162
   39.0841
   39.1518
   39.2194
   39.2869
   39.3543
   39.4216
   39.4888
   39.5558
   39.6227
   39.6896
   39.7563
   39.8229
   39.8893
   39.9557
   40.0220
   40.0881
   40.1542
   40.2201
   40.2860
   40.3517
   40.4173
   40.4828
   40.5483
   40.6136
   40.6788
   40.7439
   40.8089
   40.8738
   40.9386
   41.0033
   41.0678
   41.1323
   41.1967
   41.2610
   41.3252
   41.3893
   41.4533
   41.5172
   41.5810
   41.6447
   41.7083
   41.7718
   41.8352
   41.8985
   41.9617
   42.0249
   42.0879
   42.1508
   42.2137
   42.2764
   42.3391
   42.4017
   42.4642
   42.5265
   42.5888
   42.6510
   42.7132
   42.7752
   42.8371
   42.8990
   42.9607
   43.0224
   43.0840
   43.1455
   43.2069
   43.2682
   43.3295
   43.3906
   43.4517
   43.5127
   43.5736
   43.6344
   43.6951
   43.7558
   43.8163
   43.8768
   43.9372
   43.9975
   44.0577
   44.1179
   44.1780
   44.2380
   44.2979
   44.3577
   44.4174
   44.4771
   44.5367
   44.5962
   44.6556
   44.7150
   44.7743
   44.8335
   44.8926
   44.9516
   45.0106
   45.0695
   45.1283
   45.1870
   45.2457
   45.3043
   45.3628
   45.4212
   45.4796
   45.5379
   45.5961
   45.6542
   45.7123
   45.7703
   45.8282
   45.8860
   45.9438
   46.0015
   46.0591
   46.1167
   46.1742
   46.2316
   46.2889
   46.3462
   46.4034
   46.4606
   46.5176
   46.5746
   46.6315
   46.6884
   46.7452
   46.8019
   46.8586
   46.9152
   46.9717
   47.0281
   47.0845
   47.1408
   47.1971
   47.2533
   47.3094
   47.3654
   47.4214
   47.4773
   47.5332
   47.5890
   47.6447
   47.7003
   47.7559
   47.8115
   47.8669
   47.9223
   47.9777
   48.0329
   48.0882
   48.1433
   48.1984
   48.2534
   48.3084
   48.3633
   48.4181
   48.4729
   48.5276
   48.5823
   48.6369
   48.6914
   48.7459
   48.8003
   48.8546
   48.9089
   48.9631
   49.0173
   49.0714
   49.1255
   49.1795
   49.2334
   49.2873
   49.3411
   49.3949
   49.4486
   49.5022
   49.5558
   49.6093
   49.6628
   49.7162
   49.7695
   49.8228
   49.8761
   49.9293
   49.9824
   50.0355
   50.0885
   50.1415
   50.1944
   50.2472
   50.3000
   50.3528
   50.4054
   50.4581
   50.5106
   50.5632
   50.6156
   50.6681
   50.7204
   50.7727
   50.8250
   50.8772
   50.9293
   50.9814
   51.0335
   51.0854
   51.1374
   51.1893
   51.2411
   51.2929
   51.3446
   51.3963
   51.4479
   51.4995
   51.5510
   51.6024
   51.6539
   51.7052
   51.7565
   51.8078
   51.8590
   51.9102
   51.9613
   52.0124
   52.0634
   52.1144
   52.1653
   52.2161
   52.2669
   52.3177
   52.3684
   52.4191
   52.4697
   52.5203
   52.5708
   52.6213
   52.6717
   52.7221
   52.7724
   52.8227
   52.8730
   52.9231
   52.9733
   53.0234
   53.0734
   53.1234
   53.1734
   53.2233
   53.2731
   53.3230
   53.3727
   53.4224
   53.4721
   53.5217
   53.5713
   53.6209
   53.6704
   53.7198
   53.7692
   53.8186
   53.8679
   53.9171
   53.9664
   54.0155
   54.0647
   54.1137
   54.1628
   54.2118
   54.2607
   54.3096
   54.3585
   54.4073
   54.4561
   54.5048
   54.5535
   54.6022
   54.6508
   54.6994
   54.7479
   54.7964
   54.8448
   54.8932
   54.9415
   54.9898
   55.0381
   55.0863
   55.1345
   55.1826
   55.2307
   55.2788
   55.3268
   55.3748
   55.4227
   55.4706
   55.5184
   55.5662
   55.6140
   55.6617
   55.7094
   55.7570
   55.8046
   55.8522
   55.8997
   55.9472
   55.9946
   56.0420
   56.0894
   56.1367
   56.1840
   56.2312
   56.2784
   56.3256
   56.3727
   56.4198
   56.4668
   56.5138
   56.5608
   56.6077
   56.6546
   56.7015
   56.7483
   56.7950
   56.8418
   56.8885
   56.9351
   56.9817
   57.0283
   57.0749
   57.1214
   57.1678
   57.2142
   57.2606
   57.3070
   57.3533
   57.3996
   57.4458
   57.4920
   57.5382
   57.5843
   57.6304
   57.6765
   57.7225
   57.7685
   57.8144
   57.8603
   57.9062
   57.9520
   57.9978
   58.0436
   58.0893
   58.1350
   58.1806
   58.2263
   58.2719
   58.3174
   58.3629
   58.4084
   58.4538
   58.4992
   58.5446
   58.5899
   58.6352
   58.6805
   58.7257
   58.7709
   58.8161
   58.8612
   58.9063
   58.9513
   58.9964
   59.0414
   59.0863
   59.1312
   59.1761
   59.2210
   59.2658
   59.3106
   59.3553
   59.4000
   59.4447
   59.4893
   59.5340
   59.5785
   59.6231
   59.6676
   59.7121
   59.7565
   59.8009
   59.8453
   59.8896
   59.9340
   59.9782
   60.0225
   60.0667
   60.1109
   60.1550
   60.1992
   60.2432
   60.2873
   60.3313
   60.3753
   60.4192
   60.4632