   53.2136
   53.1475
   53.0817
   53.0162
   52.9511
   52.8863
   52.8217
   52.7575
   52.6936
   52.6300
   52.5667
   52.5036
   52.4408
   52.3783
   52.3161
   52.2542
   52.1925
   52.1310
   52.0699
   52.0090
   51.9483
   51.8879
   51.8277
   51.7677
   51.7080
   51.6486
   51.5893
   51.5303
   51.4715
   51.4130
   51.3546
   51.2965
   51.2386
   51.1809
   51.1234
   51.0661
   51.0090
   50.9521
   50.8954
   50.8389
   50.7826
   50.7265
   50.6705
   50.6148
   50.5592
   50.5039
   50.4487
   50.3937
   50.3388
   50.2842
   50.2297
   50.1754
   50.1212
   50.0672
   50.0134
   49.9598
   49.9063
   49.8529
   49.7998
   49.7467
   49.6939
   49.6412
   49.5886
   49.5362
   49.4840
   49.4319
   49.3799
   49.3281
   49.2764
   49.2249
   49.1735
   49.1222
   49.0711
   49.0201
   48.9693
   48.9186
   48.8680
   48.8176
   48.7673
   48.7171
   48.6670
   48.6171
   48.5673
   48.5176
   48.4680
   48.4186
   48.3693
   48.3201
   48.2710
   48.2221
   48.1733
   48.1245
   48.0759
   48.0274
   47.9791
   47.9308
   47.8827
   47.8346
   47.7867
   47.7389
   47.6911
   47.6435
   47.5960
   47.5486
   47.5013
   47.4542
   47.4071
   47.3601
   47.3132
   47.2664
   47.2197
   47.1731
   47.1267
   47.0803
   47.0340
   46.9878
   46.9417
   46.8957
   46.8498
   46.8039
   46.7582
   46.7126
   46.6670
   46.6216
   46.5762
   46.5309
   46.4858
   46.4407
   46.3957
   46.3507
   46.3059
   46.2611
   46.2165
   46.1719
   46.1274
   46.0830
   46.0386
   45.9944
   45.9502
   45.9061
   45.8621
   45.8182
   45.7743
   45.7305
   45.6868
   45.6432
   45.5997
   45.5562
   45.5128
   45.4695
   45.4263
   45.3831
   45.3400
   45.2970
   45.2541
   45.2112
   45.1684
   45.1257
   45.0830
   45.0404
   44.9979
   44.9555
   44.9131
   44.8708
   44.8286
   44.7864
   44.7443
   44.7023
   44.6603
   44.6184
   44.5766
   44.5348
   44.4931
   44.4515
   44.4099
   44.3684
   44.3269
   44.2856
   44.2442
   44.2030
   44.1618
   44.1207
   44.0796
   44.0386
   43.9976
   43.9568
   43.9159
   43.8752
   43.8345
   43.7938
   43.7532
   43.7127
   43.6722
   43.6318
   43.5915
   43.5512
   43.5109
   43.4707
   43.4306
   43.3905
   43.3505
   43.3106
   43.2707
   43.2308
   43.1910
   43.1513
   43.1116
   43.0720
   43.0324
   42.9929
   42.9534
   42.9140
   42.8746
   42.8353
   42.7960
   42.7568
   42.7176
   42.6785
   42.6395
   42.6005
   42.5615
   42.5226
   42.4837
   42.4449
   42.4062
   42.3674
   42.3288
   42.2902
   42.2516
   42.2131
   42.1746
   42.1362
   42.0978
   42.0595
   42.0212
   41.9829
   41.9448
   41.9066
   41.8685
   41.8305
   41.7925
   41.7545
   41.7166
   41.6787
   41.6409
   41.6031
   41.5653
   41.5277
   41.4900
   41.4524
   41.4148
   41.3773
   41.3398
   41.3024
   41.2650
   41.2276
   41.1903
   41.1531
   41.1158
   41.0787
   41.0415
   41.0044
   40.9673
   40.9303
   40.8933
   40.8564
   40.8195
   40.7826
   40.7458
   40.7090
   40.6723
   40.6356
   40.5989
   40.5623
   40.5257
   40.4892
   40.4527
   40.4162
   40.3798
   40.3434
   40.3070
   40.2707
   40.2344
   40.1982
   40.1620
   40.1258
   40.0897
   40.0536
   40.0175
   39.9815
   39.9455
   39.9096
   39.8737
   39.8378
   39.8019
   39.7661
   39.7304
   39.6946
   39.6589
   39.6233
   39.5876
   39.5520
   39.5165
   39.4809
   39.4454
   39.4100
   39.3746
   39.3392
   39.3038
   39.2685
   39.2332
   39.1979
   39.1627
   39.1275
   39.0923
   39.0572
   39.0221
   38.9870
   38.9520
   38.9170
   38.8820
   38.8471
   38.8122
   38.7773
   38.7425
   38.7077
   38.6729
   38.6382
   38.6034
   38.5687
   38.5341
   38.4995
   38.4649
   38.4303
   38.3958
   38.3613
   38.3268
   38.2924
   38.2579
   38.2236
   38.1892
   38.1549
   38.1206
   38.0863
   38.0521
   38.0179
   37.9837
   37.9495
   37.9154
   37.8813
   37.8472
   37.8132
   37.7792
   37.7452
   37.7113
   37.6773
   37.6434
   37.6096
   37.5757
   37.5419
   37.5081
   37.4744
   37.4406
   37.4069
   37.3733
   37.3396
   37.3060
   37.2724
   37.2388
   37.2053
   37.1717
   37.1382
   37.1048
   37.0713
   37.0379
   37.0045
   36.9712
   36.9378
   36.9045
   36.8712
   36.8380
   36.8047
   36.7715
   36.7384
   36.7052
   36.6721
   36.6389
   36.6059
   36.5728
   36.5398
   36.5068
   36.4738
   36.4408
   36.4079
   36.3750
   36.3421
   36.3092
   36.2764
   36.2435
   36.2108
   36.1780
   36.1452
   36.1125
   36.0798
   36.0471
   36.0145
   35.9819
   35.9492
   35.9167
   35.8841
   35.8516
   35.8191
   35.7866
   35.7541
   35.7216
   35.6892
   35.6568
   35.6244
   35.5921
   35.5598
   35.5274
   35.4951
   35.4629
   35.4306
   35.3984
   35.3662
   35.3340
   35.3019
   35.2697
   35.2376
   35.2055
   35.1734
   35.1414
   35.1094
   35.0774
   35.0454
   35.0134
   34.9814
   34.9495
   34.9176
   34.8857
   34.8539
   34.8220
   34.7902
   34.7584
   34.7266
   34.6949
   34.6631
   34.6314
   34.5997
   34.5680
   34.5363
   34.5047
   34.4731
   34.4415
   34.4099
   34.3783
   34.3468
   34.3153
   34.2838
   34.2523
   34.2208
   34.1894
   34.1579
   34.1265
   34.0952
   34.0638
   34.0324
   34.0011
   33.9698
   33.9385
   33.9072
   33.8760
   33.8447
   33.8135
   33.7823
   33.7511
   33.7200
   33.6888
   33.6577
   33.6266
   33.5955
   33.5644
   33.5334
   33.5023
   33.4713
   33.4403
   33.4093
   33.3784
   33.3474
   33.3165
   33.2856
   33.2547
   33.2238
   33.1930
   33.1621
   33.1313
   33.1005
   33.0697
   33.0389
   33.0082
   32.9774
   32.9467
   32.9160
   32.8853
   32.8546
   32.8240
   32.7934
   32.7627
   32.7321
   32.7015
   32.6710
   32.6404
   32.6099
   32.5794
   32.5489
   32.5184
   32.4879
   32.4574
   32.4270
   32.3966
   32.3662
   32.3358
   32.3054
   32.2750
   32.2447
   32.2144
   32.1841
   32.1538
   32.1235
   32.0932
   32.0630
   32.0327
   32.0025
   31.9723
   31.9421
   31.9120
   31.8818
   31.8517
   31.8215
   31.7914
   31.7613
   31.7312
   31.7012
   31.6711
   31.6411
   31.6111
   31.5811
   31.5511
   31.5211
   31.4911
   31.4612
   31.4313
   31.4014
   31.3714
   31.3416
   31.3117
   31.2818
   31.2520
   31.2222
   31.1923
   31.1625
   31.1328
   31.1030
   31.0732
   31.0435
   31.0137
   30.9840
   30.9543
   30.9246
   30.8950
   30.8653
   30.8357
   30.8060
   30.7764
   30.7468
   30.7172
   30.6876
   30.6581
   30.6285
   30.5990
   30.5695
   30.5399
   30.5105
   30.4810
   30.4515
   30.4220
   30.3926
   30.3632
   30.3338
   30.3043
   30.2750
   30.2456
   30.2162
   30.1869
   30.1575
   30.1282
   30.0989
   30.0696
   30.0403
   30.0110