   -0.0010
   -0.0113
   -0.0225
   -0.0336
   -0.0445
   -0.0553
   -0.0659
   -0.0765
   -0.0869
   -0.0971
   -0.1073
   -0.1173
   -0.1272
   -0.1369
   -0.1466
   -0.1561
   -0.1655
   -0.1748
   -0.1840
   -0.1930
   -0.2020
   -0.2108
   -0.2196
   -0.2282
   -0.2367
   -0.2451
   -0.2534
   -0.2616
   -0.2697
   -0.2777
   -0.2856
   -0.2934
   -0.3011
   -0.3087
   -0.3162
   -0.3236
   -0.3310
   -0.3382
   -0.3453
   -0.3524
   -0.3593
   -0.3662
   -0.3729
   -0.3796
   -0.3862
   -0.3927
   -0.3991
   -0.4055
   -0.4117
   -0.4179
   -0.4240
   -0.4300
   -0.4359
   -0.4417
   -0.4475
   -0.4532
   -0.4588
   -0.4643
   -0.4697
   -0.4751
   -0.4804
   -0.4856
   -0.4908
   -0.4958
   -0.5008
   -0.5057
   -0.5106
   -0.5154
   -0.5201
   -0.5247
   -0.5293
   -0.5338
   -0.5382
   -0.5426
   -0.5468
   -0.5511
   -0.5552
   -0.5593
   -0.5633
   -0.5673
   -0.5712
   -0.5750
   -0.5788
   -0.5825
   -0.5861
   -0.5897
   -0.5932
   -0.5966
   -0.6000
   -0.6034
   -0.6066
   -0.6098
   -0.6130
   -0.6161
   -0.6191
   -0.6221
   -0.6250
   -0.6278
   -0.6306
   -0.6334
   -0.6360
   -0.6387
   -0.6412
   -0.6437
   -0.6462
   -0.6486
   -0.6509
   -0.6532
   -0.6555
   -0.6577
   -0.6598
   -0.6619
   -0.6639
   -0.6659
   -0.6678
   -0.6697
   -0.6715
   -0.6732
   -0.6750
   -0.6766
   -0.6782
   -0.6798
   -0.6813
   -0.6828
   -0.6842
   -0.6856
   -0.6869
   -0.6881
   -0.6894
   -0.6905
   -0.6917
   -0.6927
   -0.6938
   -0.6948
   -0.6957
   -0.6966
   -0.6974
   -0.6982
   -0.6990
   -0.6997
   -0.7004
   -0.7010
   -0.7015
   -0.7021
   -0.7026
   -0.7030
   -0.7034
   -0.7037
   -0.7041
   -0.7043
   -0.7045
   -0.7047
   -0.7049
   -0.7050
   -0.7050
   -0.7050
   -0.7050
   -0.7049
   -0.7048
   -0.7047
   -0.7045
   -0.7042
   -0.7039
   -0.7036
   -0.7033
   -0.7029
   -0.7024
   -0.7020
   -0.7014
   -0.7009
   -0.7003
   -0.6997
   -0.6990
   -0.6983
   -0.6975
   -0.6967
   -0.6959
   -0.6950
   -0.6941
   -0.6932
   -0.6922
   -0.6912
   -0.6902
   -0.6891
   -0.6879
   -0.6868
   -0.6856
   -0.6843
   -0.6831
   -0.6818
   -0.6804
   -0.6790
   -0.6776
   -0.6762
   -0.6747
   -0.6732
   -0.6716
   -0.6700
   -0.6684
   -0.6667
   -0.6650
   -0.6633
   -0.6615
   -0.6597
   -0.6579
   -0.6560
   -0.6541
   -0.6522
   -0.6502
   -0.6482
   -0.6462
   -0.6441
   -0.6420
   -0.6399
   -0.6377
   -0.6355
   -0.6333
   -0.6310
   -0.6287
   -0.6264
   -0.6240
   -0.6216
   -0.6192
   -0.6167
   -0.6143
   -0.6117
   -0.6092
   -0.6066
   -0.6040
   -0.6013
   -0.5987
   -0.5959
   -0.5932
   -0.5904
   -0.5876
   -0.5848
   -0.5819
   -0.5791
   -0.5761
   -0.5732
   -0.5702
   -0.5672
   -0.5641
   -0.5611
   -0.5580
   -0.5548
   -0.5517
   -0.5485
   -0.5453
   -0.5420
   -0.5387
   -0.5354
   -0.5321
   -0.5287
   -0.5253
   -0.5219
   -0.5185
   -0.5150
   -0.5115
   -0.5079
   -0.5044
   -0.5008
   -0.4972
   -0.4935
   -0.4898
   -0.4861
   -0.4824
   -0.4787
   -0.4749
   -0.4711
   -0.4672
   -0.4633
   -0.4595
   -0.4555
   -0.4516
   -0.4476
   -0.4436
   -0.4396
   -0.4355
   -0.4314
   -0.4273
   -0.4232
   -0.4190
   -0.4148
   -0.4106
   -0.4064
   -0.4021
   -0.3978
   -0.3935
   -0.3891
   -0.3848
   -0.3804
   -0.3759
   -0.3715
   -0.3670
   -0.3625
   -0.3580
   -0.3534
   -0.3488
   -0.3442
   -0.3396
   -0.3350
   -0.3303
   -0.3256
   -0.3208
   -0.3161
   -0.3113
   -0.3065
   -0.3017
   -0.2968
   -0.2919
   -0.2870
   -0.2821
   -0.2772
   -0.2722
   -0.2672
   -0.2622
   -0.2571
   -0.2520
   -0.2469
   -0.2418
   -0.2367
   -0.2315
   -0.2263
   -0.2211
   -0.2159
   -0.2106
   -0.2053
   -0.2000
   -0.1947
   -0.1893
   -0.1839
   -0.1785
   -0.1731
   -0.1676
   -0.1622
   -0.1567
   -0.1511
   -0.1456
   -0.1400
   -0.1344
   -0.1288
   -0.1232
   -0.1175
   -0.1119
   -0.1062
   -0.1004
   -0.0947
   -0.0889
   -0.0831
   -0.0773
   -0.0715
   -0.0656
   -0.0597
   -0.0538
   -0.0479
   -0.0419
   -0.0359
   -0.0300
   -0.0239
   -0.0179
   -0.0118
   -0.0057
    0.0004
    0.0065
    0.0126
    0.0188
    0.0250
    0.0312
    0.0374
    0.0437
    0.0500
    0.0563
    0.0626
    0.0689
    0.0753
    0.0817
    0.0881
    0.0945
    0.1010
    0.1074
    0.1139
    0.1205
    0.1270
    0.1335
    0.1401
    0.1467
    0.1533
    0.1600
    0.1666
    0.1733
    0.1800
    0.1867
    0.1935
    0.2002
    0.2070
    0.2138
    0.2206
    0.2275
    0.2344
    0.2412
    0.2481
    0.2551
    0.2620
    0.2690
    0.2760
    0.2830
    0.2900
    0.2971
    0.3041
    0.3112
    0.3183
    0.3254
    0.3326
    0.3398
    0.3470
    0.3542
    0.3614
    0.3686
    0.3759
    0.3832
    0.3905
    0.3978
    0.4052
    0.4125
    0.4199
    0.4273
    0.4347
    0.4422
    0.4496
    0.4571
    0.4646
    0.4722
    0.4797
    0.4873
    0.4948
    0.5024
    0.5100
    0.5177
    0.5253
    0.5330
    0.5407
    0.5484
    0.5562
    0.5639
    0.5717
    0.5795
    0.5873
    0.5951
    0.6029
    0.6108
    0.6187
    0.6266
    0.6345
    0.6424
    0.6504
    0.6584
    0.6664
    0.6744
    0.6824
    0.6905
    0.6985
    0.7066
    0.7147
    0.7229
    0.7310
    0.7392
    0.7474
    0.7555
    0.7638
    0.7720
    0.7803
    0.7885
    0.7968
    0.8051
    0.8135
    0.8218
    0.8302
    0.8385
    0.8469
    0.8554
    0.8638
    0.8722
    0.8807
    0.8892
    0.8977
    0.9062
    0.9148
    0.9233
    0.9319
    0.9405
    0.9491
    0.9578
    0.9664
    0.9751
    0.9838
    0.9925
    1.0012
    1.0099
    1.0187
    1.0275
    1.0363
    1.0451
    1.0539
    1.0627
    1.0716
    1.0805
    1.0894
    1.0983
    1.1072
    1.1162
    1.1251
    1.1341
    1.1431
    1.1521
    1.1612
    1.1702
    1.1793
    1.1884
    1.1975
    1.2066
    1.2158
    1.2249
    1.2341
    1.2433
    1.2525
    1.2617
    1.2710
    1.2802
    1.2895
    1.2988
    1.3081
    1.3174
    1.3268
    1.3361
    1.3455
    1.3549
    1.3643
    1.3738
    1.3832
    1.3927
    1.4021
    1.4116
    1.4212
    1.4307
    1.4402
    1.4498
    1.4594
    1.4690
    1.4786
    1.4882
    1.4979
    1.5075
    1.5172
    1.5269
    1.5366
    1.5464
    1.5561
    1.5659
    1.5757
    1.5855
    1.5953
    1.6051
    1.6149
    1.6248
    1.6347
    1.6446
    1.6545
    1.6644
    1.6744
    1.6843
    1.6943
    1.7043
    1.7143
    1.7244
    1.7344
    1.7445
    1.7545
    1.7646
    1.7747
    1.7849
    1.7950
    1.8052
    1.8153
    1.8255
    1.8357
    1.8460
    1.8562
    1.8665
    1.8767
    1.8870
    1.8973
    1.9077
    1.9180
    1.9283
    1.9387
    1.9491
    1.9595
    1.9699
    1.9803
    1.9908