   10.3739
   10.4217
   10.4693
   10.5166
   10.5637
   10.6104
   10.6569
   10.7032
   10.7492
   10.7949
   10.8404
   10.8856
   10.9306
   10.9754
   11.0199
   11.0642
   11.1082
   11.1520
   11.1956
   11.2390
   11.2821
   11.3251
   11.3678
   11.4102
   11.4525
   11.4946
   11.5364
   11.5781
   11.6195
   11.6608
   11.7018
   11.7427
   11.7833
   11.8238
   11.8641
   11.9042
   11.9440
   11.9838
   12.0233
   12.0626
   12.1018
   12.1408
   12.1796
   12.2182
   12.2567
   12.2950
   12.3331
   12.3710
   12.4088
   12.4464
   12.4839
   12.5212
   12.5583
   12.5953
   12.6321
   12.6688
   12.7053
   12.7416
   12.7778
   12.8138
   12.8497
   12.8855
   12.9211
   12.9565
   12.9918
   13.0270
   13.0620
   13.0969
   13.1316
   13.1662
   13.2006
   13.2350
   13.2691
   13.3032
   13.3371
   13.3709
   13.4045
   13.4380
   13.4714
   13.5047
   13.5378
   13.5708
   13.6037
   13.6364
   13.6690
   13.7015
   13.7339
   13.7662
   13.7983
   13.8303
   13.8622
   13.8940
   13.9256
   13.9571
   13.9886
   14.0199
   14.0511
   14.0821
   14.1131
   14.1439
   14.1747
   14.2053
   14.2358
   14.2662
   14.2965
   14.3267
   14.3568
   14.3867
   14.4166
   14.4464
   14.4760
   14.5056
   14.5350
   14.5644
   14.5936
   14.6227
   14.6518
   14.6807
   14.7095
   14.7383
   14.7669
   14.7954
   14.8239
   14.8522
   14.8805
   14.9086
   14.9367
   14.9646
   14.9925
   15.0203
   15.0479
   15.0755
   15.1030
   15.1304
   15.1577
   15.1849
   15.2121
   15.2391
   15.2660
   15.2929
   15.3197
   15.3463
   15.3729
   15.3994
   15.4259
   15.4522
   15.4784
   15.5046
   15.5307
   15.5566
   15.5825
   15.6084
   15.6341
   15.6598
   15.6853
   15.7108
   15.7362
   15.7615
   15.7868
   15.8119
   15.8370
   15.8620
   15.8869
   15.9118
   15.9366
   15.9612
   15.9858
   16.0104
   16.0348
   16.0592
   16.0835
   16.1077
   16.1319
   16.1559
   16.1799
   16.2038
   16.2277
   16.2515
   16.2751
   16.2988
   16.3223
   16.3458
   16.3692
   16.3925
   16.4158
   16.4390
   16.4621
   16.4851
   16.5081
   16.5310
   16.5538
   16.5766
   16.5993
   16.6219
   16.6444
   16.6669
   16.6893
   16.7117
   16.7339
   16.7561
   16.7783
   16.8004
   16.8224
   16.8443
   16.8662
   16.8880
   16.9097
   16.9314
   16.9530
   16.9745
   16.9960
   17.0174
   17.0388
   17.0600
   17.0813
   17.1024
   17.1235
   17.1445
   17.1655
   17.1864
   17.2072
   17.2280
   17.2487
   17.2694
   17.2899
   17.3105
   17.3309
   17.3513
   17.3717
   17.3920
   17.4122
   17.4323
   17.4524
   17.4725
   17.4924
   17.5124
   17.5322
   17.5520
   17.5718
   17.5915
   17.6111
   17.6306
   17.6501
   17.6696
   17.6890
   17.7083
   17.7276
   17.7468
   17.7660
   17.7851
   17.8041
   17.8231
   17.8420
   17.8609
   17.8797
   17.8985
   17.9172
   17.9359
   17.9545
   17.9730
   17.9915
   18.0099
   18.0283
   18.0466
   18.0649
   18.0831
   18.1013
   18.1194
   18.1374
   18.1554
   18.1734
   18.1913
   18.2091
   18.2269
   18.2446
   18.2623
   18.2799
   18.2975
   18.3150
   18.3325
   18.3499
   18.3673
   18.3846
   18.4019
   18.4191
   18.4363
   18.4534
   18.4704
   18.4874
   18.5044
   18.5213
   18.5382
   18.5550
   18.5717
   18.5884
   18.6051
   18.6217
   18.6382
   18.6547
   18.6712
   18.6876
   18.7040
   18.7203
   18.7365
   18.7528
   18.7689
   18.7850
   18.8011
   18.8171
   18.8331
   18.8490
   18.8649
   18.8807
   18.8965
   18.9122
   18.9279
   18.9435
   18.9591
   18.9747
   18.9902
   19.0056
   19.0210
   19.0364
   19.0517
   19.0669
   19.0821
   19.0973
   19.1124
   19.1275
   19.1425
   19.1575
   19.1725
   19.1873
   19.2022
   19.2170
   19.2318
   19.2465
   19.2611
   19.2758
   19.2903
   19.3049
   19.3193
   19.3338
   19.3482
   19.3625
   19.3768
   19.3911
   19.4053
   19.4195
   19.4336
   19.4477
   19.4618
   19.4758
   19.4897
   19.5036
   19.5175
   19.5313
   19.5451
   19.5589
   19.5726
   19.5862
   19.5998
   19.6134
   19.6269
   19.6404
   19.6539
   19.6673
   19.6806
   19.6939
   19.7072
   19.7204
   19.7336
   19.7468
   19.7599
   19.7729
   19.7859
   19.7989
   19.8119
   19.8248
   19.8376
   19.8504
   19.8632
   19.8759
   19.8886
   19.9013
   19.9139
   19.9264
   19.9390
   19.9515
   19.9639
   19.9763
   19.9887
   20.0010
   20.0133
   20.0255
   20.0377
   20.0499
   20.0620
   20.0741
   20.0861
   20.0981
   20.1101
   20.1220
   20.1339
   20.1457
   20.1575
   20.1693
   20.1810
   20.1927
   20.2044
   20.2160
   20.2275
   20.2391
   20.2506
   20.2620
   20.2734
   20.2848
   20.2961
   20.3074
   20.3187
   20.3299
   20.3411
   20.3522
   20.3633
   20.3744
   20.3854
   20.3964
   20.4074
   20.4183
   20.4292
   20.4400
   20.4508
   20.4616
   20.4723
   20.4830
   20.4936
   20.5042
   20.5148
   20.5253
   20.5358
   20.5463
   20.5567
   20.5671
   20.5775
   20.5878
   20.5980
   20.6083
   20.6185
   20.6286
   20.6388
   20.6489
   20.6589
   20.6689
   20.6789
   20.6888
   20.6988
   20.7086
   20.7185
   20.7283
   20.7380
   20.7477
   20.7574
   20.7671
   20.7767
   20.7863
   20.7958
   20.8053
   20.8148
   20.8242
   20.8336
   20.8430
   20.8523
   20.8616
   20.8709
   20.8801
   20.8893
   20.8984
   20.9075
   20.9166
   20.9257
   20.9347
   20.9436
   20.9526
   20.9615
   20.9703
   20.9792
   20.9880
   20.9967
   21.0055
   21.0142
   21.0228
   21.0314
   21.0400
   21.0486
   21.0571
   21.0656
   21.0740
   21.0824
   21.0908
   21.0991
   21.1075
   21.1157
   21.1240
   21.1322
   21.1403
   21.1485
   21.1566
   21.1646
   21.1727
   21.1807
   21.1886
   21.1966
   21.2045
   21.2123
   21.2202
   21.2280
   21.2357
   21.2434
   21.2511
   21.2588
   21.2664
   21.2740
   21.2816
   21.2891
   21.2966
   21.3040
   21.3115
   21.3188
   21.3262
   21.3335
   21.3408
   21.3481
   21.3553
   21.3625
   21.3696
   21.3768
   21.3838
   21.3909
   21.3979
   21.4049
   21.4119
   21.4188
   21.4257
   21.4325
   21.4393
   21.4461
   21.4529
   21.4596
   21.4663
   21.4730
   21.4796
   21.4862
   21.4927
   21.4993
   21.5058
   21.5122
   21.5187
   21.5251
   21.5314
   21.5377
   21.5440
   21.5503
   21.5565
   21.5627
   21.5689
   21.5750
   21.5811
   21.5872
   21.5933
   21.5993
   21.6052
   21.6112
   21.6171
   21.6230
   21.6288
   21.6346
   21.6404
   21.6461
   21.6519
   21.6575
   21.6632
   21.6688
   21.6744
   21.6800
   21.6855
   21.6910
   21.6964
   21.7019
   21.7073
   21.7126
   21.7180
   21.7233
   21.7285
   21.7338
   21.7390
   21.7441
   21.7493
   21.7544
   21.7595
   21.7645
   21.7695