    4.6261
    4.5896
    4.5532
    4.5170
    4.4808
    4.4449
    4.4090
    4.3733
    4.3377
    4.3022
    4.2668
    4.2316
    4.1965
    4.1615
    4.1267
    4.0919
    4.0573
    4.0228
    3.9883
    3.9540
    3.9199
    3.8858
    3.8518
    3.8180
    3.7842
    3.7505
    3.7170
    3.6835
    3.6502
    3.6169
    3.5838
    3.5507
    3.5178
    3.4849
    3.4522
    3.4195
    3.3869
    3.3544
    3.3220
    3.2897
    3.2575
    3.2254
    3.1933
    3.1614
    3.1295
    3.0977
    3.0660
    3.0344
    3.0029
    2.9714
    2.9401
    2.9088
    2.8776
    2.8464
    2.8154
    2.7844
    2.7535
    2.7227
    2.6919
    2.6613
    2.6307
    2.6001
    2.5697
    2.5393
    2.5090
    2.4788
    2.4486
    2.4185
    2.3885
    2.3585
    2.3286
    2.2988
    2.2691
    2.2394
    2.2097
    2.1802
    2.1507
    2.1213
    2.0919
    2.0626
    2.0334
    2.0042
    1.9751
    1.9461
    1.9171
    1.8882
    1.8593
    1.8305
    1.8018
    1.7731
    1.7444
    1.7159
    1.6874
    1.6589
    1.6305
    1.6022
    1.5739
    1.5457
    1.5175
    1.4894
    1.4614
    1.4334
    1.4054
    1.3775
    1.3497
    1.3219
    1.2942
    1.2665
    1.2389
    1.2113
    1.1838
    1.1563
    1.1289
    1.1015
    1.0742
    1.0469
    1.0197
    0.9925
    0.9654
    0.9383
    0.9113
    0.8843
    0.8574
    0.8305
    0.8037
    0.7769
    0.7502
    0.7235
    0.6969
    0.6703
    0.6437
    0.6172
    0.5907
    0.5643
    0.5380
    0.5116
    0.4854
    0.4591
    0.4329
    0.4068
    0.3807
    0.3546
    0.3286
    0.3026
    0.2767
    0.2508
    0.2250
    0.1992
    0.1734
    0.1477
    0.1220
    0.0964
    0.0708
    0.0452
    0.0197
   -0.0058
   -0.0312
   -0.0566
   -0.0820
   -0.1073
   -0.1326
   -0.1578
   -0.1830
   -0.2082
   -0.2333
   -0.2584
   -0.2834
   -0.3084
   -0.3334
   -0.3583
   -0.3832
   -0.4081
   -0.4329
   -0.4577
   -0.4824
   -0.5071
   -0.5318
   -0.5564
   -0.5810
   -0.6056
   -0.6301
   -0.6546
   -0.6790
   -0.7035
   -0.7278
   -0.7522
   -0.7765
   -0.8008
   -0.8250
   -0.8492
   -0.8734
   -0.8975
   -0.9216
   -0.9457
   -0.9697
   -0.9937
   -1.0177
   -1.0417
   -1.0656
   -1.0894
   -1.1133
   -1.1371
   -1.1608
   -1.1846
   -1.2083
   -1.2319
   -1.2556
   -1.2792
   -1.3028
   -1.3263
   -1.3498
   -1.3733
   -1.3967
   -1.4202
   -1.4435
   -1.4669
   -1.4902
   -1.5135
   -1.5368
   -1.5600
   -1.5832
   -1.6064
   -1.6295
   -1.6526
   -1.6757
   -1.6987
   -1.7218
   -1.7447
   -1.7677
   -1.7906
   -1.8135
   -1.8364
   -1.8592
   -1.8820
   -1.9048
   -1.9276
   -1.9503
   -1.9730
   -1.9956
   -2.0183
   -2.0409
   -2.0635
   -2.0860
   -2.1085
   -2.1310
   -2.1535
   -2.1759
   -2.1983
   -2.2207
   -2.2431
   -2.2654
   -2.2877
   -2.3100
   -2.3322
   -2.3544
   -2.3766
   -2.3988
   -2.4209
   -2.4430
   -2.4651
   -2.4871
   -2.5091
   -2.5311
   -2.5531
   -2.5751
   -2.5970
   -2.6189
   -2.6407
   -2.6626
   -2.6844
   -2.7062
   -2.7279
   -2.7497
   -2.7714
   -2.7931
   -2.8147
   -2.8364
   -2.8580
   -2.8795
   -2.9011
   -2.9226
   -2.9441
   -2.9656
   -2.9871
   -3.0085
   -3.0299
   -3.0513
   -3.0726
   -3.0940
   -3.1153
   -3.1365
   -3.1578
   -3.1790
   -3.2002
   -3.2214
   -3.2426
   -3.2637
   -3.2848
   -3.3059
   -3.3270
   -3.3480
   -3.3690
   -3.3900
   -3.4110
   -3.4319
   -3.4528
   -3.4737
   -3.4946
   -3.5154
   -3.5363
   -3.5571
   -3.5778
   -3.5986
   -3.6193
   -3.6400
   -3.6607
   -3.6814
   -3.7020
   -3.7226
   -3.7432
   -3.7638
   -3.7843
   -3.8048
   -3.8253
   -3.8458
   -3.8663
   -3.8867
   -3.9071
   -3.9275
   -3.9479
   -3.9682
   -3.9885
   -4.0088
   -4.0291
   -4.0494
   -4.0696
   -4.0898
   -4.1100
   -4.1301
   -4.1503
   -4.1704
   -4.1905
   -4.2106
   -4.2306
   -4.2507
   -4.2707
   -4.2907
   -4.3107
   -4.3306
   -4.3505
   -4.3704
   -4.3903
   -4.4102
   -4.4300
   -4.4498
   -4.4696
   -4.4894
   -4.5092
   -4.5289
   -4.5486
   -4.5683
   -4.5880
   -4.6077
   -4.6273
   -4.6469
   -4.6665
   -4.6861
   -4.7056
   -4.7251
   -4.7446
   -4.7641
   -4.7836
   -4.8030
   -4.8225
   -4.8419
   -4.8613
   -4.8806
   -4.9000
   -4.9193
   -4.9386
   -4.9579
   -4.9771
   -4.9964
   -5.0156
   -5.0348
   -5.0540
   -5.0732
   -5.0923
   -5.1114
   -5.1305
   -5.1496
   -5.1687
   -5.1877
   -5.2067
   -5.2257
   -5.2447
   -5.2637
   -5.2826
   -5.3016
   -5.3205
   -5.3394
   -5.3582
   -5.3771
   -5.3959
   -5.4147
   -5.4335
   -5.4523
   -5.4710
   -5.4898
   -5.5085
   -5.5272
   -5.5459
   -5.5645
   -5.5832
   -5.6018
   -5.6204
   -5.6390
   -5.6575
   -5.6761
   -5.6946
   -5.7131
   -5.7316
   -5.7501
   -5.7685
   -5.7869
   -5.8053
   -5.8237
   -5.8421
   -5.8605
   -5.8788
   -5.8971
   -5.9154
   -5.9337
   -5.9520
   -5.9702
   -5.9884
   -6.0067
   -6.0248
   -6.0430
   -6.0612
   -6.0793
   -6.0974
   -6.1155
   -6.1336
   -6.1517
   -6.1697
   -6.1877
   -6.2057
   -6.2237
   -6.2417
   -6.2597
   -6.2776
   -6.2955
   -6.3134
   -6.3313
   -6.3492
   -6.3670
   -6.3848
   -6.4026
   -6.4204
   -6.4382
   -6.4560
   -6.4737
   -6.4914
   -6.5091
   -6.5268
   -6.5445
   -6.5621
   -6.5798
   -6.5974
   -6.6150
   -6.6326
   -6.6501
   -6.6677
   -6.6852
   -6.7027
   -6.7202
   -6.7377
   -6.7552
   -6.7726
   -6.7900
   -6.8074
   -6.8248
   -6.8422
   -6.8596
   -6.8769
   -6.8942
   -6.9115
   -6.9288
   -6.9461
   -6.9633
   -6.9806
   -6.9978
   -7.0150
   -7.0322
   -7.0493
   -7.0665
   -7.0836
   -7.1007
   -7.1178
   -7.1349
   -7.1520
   -7.1690
   -7.1861
   -7.2031
   -7.2201
   -7.2371
   -7.2540
   -7.2710
   -7.2879
   -7.3048
   -7.3217
   -7.3386
   -7.3555
   -7.3723
   -7.3891
   -7.4059
   -7.4227
   -7.4395
   -7.4563
   -7.4730
   -7.4898
   -7.5065
   -7.5232
   -7.5399
   -7.5565
   -7.5732
   -7.5898
   -7.6064
   -7.6230
   -7.6396
   -7.6562
   -7.6727
   -7.6892
   -7.7058
   -7.7223
   -7.7387
   -7.7552
   -7.7717
   -7.7881
   -7.8045
   -7.8209
   -7.8373
   -7.8537
   -7.8700
   -7.8864
   -7.9027
   -7.9190
   -7.9353
   -7.9516
   -7.9678
   -7.9841
   -8.0003
   -8.0165
   -8.0327
   -8.0489
   -8.0650
   -8.0812
   -8.0973
   -8.1134
   -8.1295
   -8.1456
   -8.1616
   -8.1777
   -8.1937
   -8.2097
   -8.2257
   -8.2417
   -8.2577
   -8.2736
   -8.2896
   -8.3055
   -8.3214
   -8.3373
   -8.3532
   -8.3690
   -8.3849
   -8.4007
   -8.4165
   -8.4323
   -8.4481
   -8.4638
   -8.4796
   -8.4953
   -8.5110
   -8.5267
   -8.5424
   -8.5581
   -8.5737
   -8.5894
   -8.6050
   -8.6206
   -8.6362
   -8.6517
   -8.6673
   -8.6828
   -8.6984
   -8.7139
   -8.7294
   -8.7449
   -8.7603
