  -30.0000
  -30.0111
  -30.0221
  -30.0331
  -30.0441
  -30.0550
  -30.0660
  -30.0769
  -30.0877
  -30.0985
  -30.1094
  -30.1201
  -30.1309
  -30.1416
  -30.1523
  -30.1630
  -30.1736
  -30.1842
  -30.1948
  -30.2053
  -30.2158
  -30.2263
  -30.2368
  -30.2472
  -30.2577
  -30.2680
  -30.2784
  -30.2887
  -30.2990
  -30.3093
  -30.3195
  -30.3298
  -30.3399
  -30.3501
  -30.3602
  -30.3704
  -30.3804
  -30.3905
  -30.4005
  -30.4105
  -30.4205
  -30.4305
  -30.4404
  -30.4503
  -30.4601
  -30.4700
  -30.4798
  -30.4896
  -30.4994
  -30.5091
  -30.5188
  -30.5285
  -30.5382
  -30.5478
  -30.5574
  -30.5670
  -30.5765
  -30.5861
  -30.5956
  -30.6051
  -30.6145
  -30.6240
  -30.6334
  -30.6427
  -30.6521
  -30.6614
  -30.6707
  -30.6800
  -30.6893
  -30.6985
  -30.7077
  -30.7169
  -30.7260
  -30.7351
  -30.7443
  -30.7533
  -30.7624
  -30.7714
  -30.7804
  -30.7894
  -30.7984
  -30.8073
  -30.8162
  -30.8251
  -30.8339
  -30.8428
  -30.8516
  -30.8604
  -30.8691
  -30.8779
  -30.8866
  -30.8953
  -30.9040
  -30.9126
  -30.9212
  -30.9298
  -30.9384
  -30.9469
  -30.9555
  -30.9640
  -30.9725
  -30.9809
  -30.9893
  -30.9978
  -31.0061
  -31.0145
  -31.0228
  -31.0312
  -31.0395
  -31.0477
  -31.0560
  -31.0642
  -31.0724
  -31.0806
  -31.0887
  -31.0969
  -31.1050
  -31.1131
  -31.1211
  -31.1292
  -31.1372
  -31.1452
  -31.1532
  -31.1611
  -31.1690
  -31.1770
  -31.1848
  -31.1927
  -31.2005
  -31.2084
  -31.2162
  -31.2239
  -31.2317
  -31.2394
  -31.2471
  -31.2548
  -31.2625
  -31.2701
  -31.2778
  -31.2854
  -31.2929
  -31.3005
  -31.3080
  -31.3155
  -31.3230
  -31.3305
  -31.3379
  -31.3454
  -31.3528
  -31.3602
  -31.3675
  -31.3749
  -31.3822
  -31.3895
  -31.3968
  -31.4040
  -31.4113
  -31.4185
  -31.4257
  -31.4329
  -31.4400
  -31.4471
  -31.4542
  -31.4613
  -31.4684
  -31.4755
  -31.4825
  -31.4895
  -31.4965
  -31.5034
  -31.5104
  -31.5173
  -31.5242
  -31.5311
  -31.5380
  -31.5448
  -31.5516
  -31.5584
  -31.5652
  -31.5720
  -31.5787
  -31.5854
  -31.5921
  -31.5988
  -31.6055
  -31.6121
  -31.6187
  -31.6253
  -31.6319
  -31.6385
  -31.6450
  -31.6515
  -31.6580
  -31.6645
  -31.6710
  -31.6774
  -31.6838
  -31.6902
  -31.6966
  -31.7030
  -31.7093
  -31.7157
  -31.7220
  -31.7282
  -31.7345
  -31.7408
  -31.7470
  -31.7532
  -31.7594
  -31.7655
  -31.7717
  -31.7778
  -31.7839
  -31.7900
  -31.7961
  -31.8021
  -31.8082
  -31.8142
  -31.8202
  -31.8262
  -31.8321
  -31.8381
  -31.8440
  -31.8499
  -31.8558
  -31.8616
  -31.8675
  -31.8733
  -31.8791
  -31.8849
  -31.8907
  -31.8964
  -31.9021
  -31.9078
  -31.9135
  -31.9192
  -31.9249
  -31.9305
  -31.9361
  -31.9417
  -31.9473
  -31.9529
  -31.9584
  -31.9640
  -31.9695
  -31.9750
  -31.9804
  -31.9859
  -31.9913
  -31.9967
  -32.0021
  -32.0075
  -32.0129
  -32.0182
  -32.0236
  -32.0289
  -32.0342
  -32.0394
  -32.0447
  -32.0499
  -32.0551
  -32.0603
  -32.0655
  -32.0707
  -32.0758
  -32.0810
  -32.0861
  -32.0912
  -32.0962
  -32.1013
  -32.1063
  -32.1114
  -32.1164
  -32.1214
  -32.1263
  -32.1313
  -32.1362
  -32.1411
  -32.1460
  -32.1509
  -32.1558
  -32.1606
  -32.1655
  -32.1703
  -32.1751
  -32.1799
  -32.1846
  -32.1894
  -32.1941
  -32.1988
  -32.2035
  -32.2082
  -32.2128
  -32.2175
  -32.2221
  -32.2267
  -32.2313
  -32.2359
  -32.2404
  -32.2450
  -32.2495
  -32.2540
  -32.2585
  -32.2629
  -32.2674
  -32.2718
  -32.2762
  -32.2806
  -32.2850
  -32.2894
  -32.2938
  -32.2981
  -32.3024
  -32.3067
  -32.3110
  -32.3153
  -32.3195
  -32.3237
  -32.3280
  -32.3322
  -32.3364
  -32.3405
  -32.3447
  -32.3488
  -32.3529
  -32.3570
  -32.3611
  -32.3652
  -32.3692
  -32.3733
  -32.3773
  -32.3813
  -32.3853
  -32.3893
  -32.3932
  -32.3972
  -32.4011
  -32.4050
  -32.4089
  -32.4127
  -32.4166
  -32.4204
  -32.4243
  -32.4281
  -32.4319
  -32.4356
  -32.4394
  -32.4432
  -32.4469
  -32.4506
  -32.4543
  -32.4580
  -32.4616
  -32.4653
  -32.4689
  -32.4725
  -32.4761
  -32.4797
  -32.4833
  -32.4868
  -32.4904
  -32.4939
  -32.4974
  -32.5009
  -32.5044
  -32.5078
  -32.5113
  -32.5147
  -32.5181
  -32.5215
  -32.5249
  -32.5282
  -32.5316
  -32.5349
  -32.5382
  -32.5415
  -32.5448
  -32.5481
  -32.5514
  -32.5546
  -32.5578
  -32.5610
  -32.5642
  -32.5674
  -32.5706
  -32.5737
  -32.5768
  -32.5799
  -32.5830
  -32.5861
  -32.5892
  -32.5923
  -32.5953
  -32.5983
  -32.6013
  -32.6043
  -32.6073
  -32.6103
  -32.6132
  -32.6161
  -32.6191
  -32.6220
  -32.6248
  -32.6277
  -32.6306
  -32.6334
  -32.6362
  -32.6391
  -32.6419
  -32.6446
  -32.6474
  -32.6502
  -32.6529
  -32.6556
  -32.6583
  -32.6610
  -32.6637
  -32.6663
  -32.6690
  -32.6716
  -32.6742
  -32.6768
  -32.6794
  -32.6820
  -32.6846
  -32.6871
  -32.6896
  -32.6921
  -32.6946
  -32.6971
  -32.6996
  -32.7020
  -32.7045
  -32.7069
  -32.7093
  -32.7117
  -32.7141
  -32.7165
  -32.7188
  -32.7211
  -32.7235
  -32.7258
  -32.7281
  -32.7303
  -32.7326
  -32.7349
  -32.7371
  -32.7393
  -32.7415
  -32.7437
  -32.7459
  -32.7481
  -32.7502
  -32.7523
  -32.7545
  -32.7566
  -32.7586
  -32.7607
  -32.7628
  -32.7648
  -32.7669
  -32.7689
  -32.7709
  -32.7729
  -32.7749
  -32.7768
  -32.7788
  -32.7807
  -32.7826
  -32.7845
  -32.7864
  -32.7883
  -32.7902
  -32.7920
  -32.7938
  -32.7957
  -32.7975
  -32.7993
  -32.8010
  -32.8028
  -32.8045
  -32.8063
  -32.8080
  -32.8097
  -32.8114
  -32.8131
  -32.8147
  -32.8164
  -32.8180
  -32.8197
  -32.8213
  -32.8229
  -32.8244
  -32.8260
  -32.8276
  -32.8291
  -32.8306
  -32.8321
  -32.8336
  -32.8351
  -32.8366
  -32.8380
  -32.8395
  -32.8409
  -32.8423
  -32.8437
  -32.8451
  -32.8465
  -32.8479
  -32.8492
  -32.8505
  -32.8519
  -32.8532
  -32.8545
  -32.8557
  -32.8570
  -32.8582
  -32.8595
  -32.8607
  -32.8619
  -32.8631
  -32.8643
  -32.8655
  -32.8666
  -32.8678
  -32.8689
  -32.8700
  -32.8711
  -32.8722
  -32.8733
  -32.8743
  -32.8754
  -32.8764
  -32.8774
  -32.8784
  -32.8794
  -32.8804
  -32.8814
  -32.8823
  -32.8833
  -32.8842
  -32.8851
  -32.8860
  -32.8869
  -32.8878
  -32.8886
  -32.8895
  -32.8903
  -32.8911
  -32.8919
  -32.8927
  -32.8935
  -32.8943
  -32.8950
  -32.8958
  -32.8965
  -32.8972
  -32.8979
  -32.8986
  -32.8993
  -32.8999
  -32.9006
  -32.9012
  -32.9018
  -32.9024
  -32.9030
  -32.9036
  -32.9042
  -32.9047
  -32.9053
  -32.9058
  -32.9063
  -32.9068
  -32.9073
  -32.9078
  -32.9083
  -32.9087
  -32.9091
  -32.9096
  -32.9100
  -32.9104
  -32.9108
  -32.9111
  -32.9115
  -32.9118
  -32.9122
  -32.9125
  -32.9128
  -32.9131
  -32.9134
  -32.9137
  -32.9139
  -32.9142
  -32.9144
  -32.9146
  -32.9148
  -32.9150
  -32.9152
  -32.9153
  -32.9155
  -32.9156