   42.8024
   42.8459
   42.8894
   42.9328
   42.9762
   43.0195
   43.0627
   43.1059
   43.1491
   43.1922
   43.2352
   43.2782
   43.3211
   43.3640
   43.4069
   43.4497
   43.4924
   43.5351
   43.5778
   43.6204
   43.6629
   43.7054
   43.7478
   43.7902
   43.8326
   43.8749
   43.9171
   43.9593
   44.0015
   44.0436
   44.0856
   44.1276
   44.1696
   44.2115
   44.2534
   44.2952
   44.3370
   44.3787
   44.4204
   44.4620
   44.5036
   44.5451
   44.5866
   44.6280
   44.6694
   44.7108
   44.7521
   44.7933
   44.8345
   44.8757
   44.9168
   44.9579
   44.9989
   45.0399
   45.0808
   45.1217
   45.1626
   45.2034
   45.2441
   45.2848
   45.3255
   45.3661
   45.4067
   45.4472
   45.4877
   45.5282
   45.5686
   45.6089
   45.6493
   45.6895
   45.7298
   45.7699
   45.8101
   45.8502
   45.8902
   45.9303
   45.9702
   46.0102
   46.0500
   46.0899
   46.1297
   46.1694
   46.2091
   46.2488
   46.2885
   46.3280
   46.3676
   46.4071
   46.4466
   46.4860
   46.5254
   46.5647
   46.6040
   46.6433
   46.6825
   46.7217
   46.7608
   46.7999
   46.8389
   46.8780
   46.9169
   46.9559
   46.9948
   47.0336
   47.0724
   47.1112
   47.1499
   47.1886
   47.2273
   47.2659
   47.3045
   47.3430
   47.3815
   47.4200
   47.4584
   47.4968
   47.5351
   47.5734
   47.6117
   47.6499
   47.6881
   47.7262
   47.7643
   47.8024
   47.8404
   47.8784
   47.9164
   47.9543
   47.9922
   48.0300
   48.0678
   48.1056
   48.1433
   48.1810
   48.2187
   48.2563
   48.2939
   48.3314
   48.3689
   48.4064
   48.4438
   48.4812
   48.5186
   48.5559
   48.5932
   48.6305
   48.6677
   48.7049
   48.7420
   48.7791
   48.8162
   48.8532
   48.8902
   48.9272
   48.9641
   49.0010
   49.0378
   49.0746
   49.1114
   49.1482
   49.1849
   49.2216
   49.2582
   49.2948
   49.3314
   49.3679
   49.4044
   49.4409
   49.4773
   49.5137
   49.5501
   49.5864
   49.6227
   49.6590
   49.6952
   49.7314
   49.7675
   49.8037
   49.8398
   49.8758
   49.9118
   49.9478
   49.9838
   50.0197
   50.0556
   50.0914
   50.1273
   50.1630
   50.1988
   50.2345
   50.2702
   50.3058
   50.3415
   50.3771
   50.4126
   50.4481
   50.4836
   50.5191
   50.5545
   50.5899
   50.6252
   50.6606
   50.6959
   50.7311
   50.7663
   50.8015
   50.8367
   50.8718
   50.9069
   50.9420
   50.9770
   51.0120
   51.0470
   51.0819
   51.1168
   51.1517
   51.1866
   51.2214
   51.2562
   51.2909
   51.3256
   51.3603
   51.3950
   51.4296
   51.4642
   51.4987
   51.5333
   51.5678
   51.6022
   51.6367
   51.6711
   51.7055
   51.7398
   51.7741
   51.8084
   51.8427
   51.8769
   51.9111
   51.9452
   51.9794
   52.0135
   52.0476
   52.0816
   52.1156
   52.1496
   52.1835
   52.2175
   52.2514
   52.2852
   52.3191
   52.3529
   52.3866
   52.4204
   52.4541
   52.4878
   52.5214
   52.5550
   52.5886
   52.6222
   52.6557
   52.6893
   52.7227
   52.7562
   52.7896
   52.8230
   52.8564
   52.8897
   52.9230
   52.9563
   52.9895
   53.0227
   53.0559
   53.0891
   53.1222
   53.1553
   53.1884
   53.2215
   53.2545
   53.2875
   53.3204
   53.3534
   53.3863
   53.4192
   53.4520
   53.4848
   53.5176
   53.5504
   53.5831
   53.6158
   53.6485
   53.6812
   53.7138
   53.7464
   53.7790
   53.8115
   53.8440
   53.8765
   53.9090
   53.9414
   53.9738
   54.0062
   54.0386
   54.0709
   54.1032
   54.1355
   54.1677
   54.1999
   54.2321
   54.2643
   54.2964
   54.3285
   54.3606
   54.3927
   54.4247
   54.4567
   54.4887
   54.5206
   54.5525
   54.5844
   54.6163
   54.6481
   54.6800
   54.7117
   54.7435
   54.7752
   54.8070
   54.8386
   54.8703
   54.9019
   54.9335
   54.9651
   54.9967
   55.0282
   55.0597
   55.0912
   55.1226
   55.1541
   55.1855
   55.2168
   55.2482
   55.2795
   55.3108
   55.3421
   55.3733
   55.4045
   55.4357
   55.4669
   55.4980
   55.5292
   55.5603
   55.5913
   55.6224
   55.6534
   55.6844
   55.7153
   55.7463
   55.7772
   55.8081
   55.8390
   55.8698
   55.9006
   55.9314
   55.9622
   55.9929
   56.0236
   56.0543
   56.0850
   56.1156
   56.1462
   56.1768
   56.2074
   56.2380
   56.2685
   56.2990
   56.3294
   56.3599
   56.3903
   56.4207
   56.4511
   56.4814
   56.5118
   56.5421
   56.5723
   56.6026
   56.6328
   56.6630
   56.6932
   56.7234
   56.7535
   56.7836
   56.8137
   56.8438
   56.8738
   56.9038
   56.9338
   56.9638
   56.9937
   57.0236
   57.0535
   57.0834
   57.1132
   57.1431
   57.1729
   57.2026
   57.2324
   57.2621
   57.2918
   57.3215
   57.3512
   57.3808
   57.4104
   57.4400
   57.4696
   57.4991
   57.5287
   57.5582
   57.5876
   57.6171
   57.6465
   57.6759
   57.7053
   57.7347
   57.7640
   57.7933
   57.8226
   57.8519
   57.8811
   57.9104
   57.9396
   57.9687
   57.9979
   58.0270
   58.0561
   58.0852
   58.1143
   58.1433
   58.1724
   58.2014
   58.2303
   58.2593
   58.2882
   58.3171
   58.3460
   58.3749
   58.4037
   58.4325
   58.4613
   58.4901
   58.5189
   58.5476
   58.5763
   58.6050
   58.6337
   58.6623
   58.6909
   58.7195
   58.7481
   58.7767
   58.8052
   58.8337
   58.8622
   58.8907
   58.9191
   58.9475
   58.9759
   59.0043
   59.0327
   59.0610
   59.0893
   59.1176
   59.1459
   59.1742
   59.2024
   59.2306
   59.2588
   59.2870
   59.3151
   59.3432
   59.3713
   59.3994
   59.4275
   59.4555
   59.4835
   59.5115
   59.5395
   59.5674
   59.5954
   59.6233
   59.6512
   59.6790
   59.7069
   59.7347
   59.7625
   59.7903
   59.8181
   59.8458
   59.8735
   59.9012
   59.9289
   59.9566
   59.9842
   60.0118
   60.0394
   60.0670
   60.0946
   60.1221
   60.1496
   60.1771
   60.2046
   60.2320
   60.2595
   60.2869
   60.3143
   60.3417
   60.3690
   60.3963
   60.4236
   60.4509
   60.4782
   60.5054
   60.5327
   60.5599
   60.5871
   60.6142
   60.6414
   60.6685
   60.6956
   60.7227
   60.7498
   60.7768
   60.8038
   60.8309
   60.8578
   60.8848
   60.9118
   60.9387
   60.9656
   60.9925
   61.0193
   61.0462
   61.0730
   61.0998
   61.1266
   61.1534
   61.1801
   61.2068
   61.2336
   61.2602
   61.2869
   61.3136
   61.3402
   61.3668
   61.3934
   61.4200
   61.4465
   61.4730
   61.4995
   61.5260
   61.5525
   61.5790
   61.6054
   61.6318
   61.6582
   61.6846
   61.7109
   61.7373
   61.7636
   61.7899
   61.8162
   61.8424
   61.8687
   61.8949
   61.9211
   61.9473
   61.9734
   61.9996
   62.0257
   62.0518
   62.0779
   62.1039
   62.1300
   62.1560
   62.1820
   62.2080
   62.2340
   62.2599
   62.2859
   62.3118
   62.3377
   62.3636
   62.3894
   62.4153
   62.4411
   62.4669
   62.4927
   62.5184
   62.5442
   62.5699
   62.5956
   62.6213
   62.6470