   17.1976
   17.1651
   17.1327
   17.1003
   17.0679
   17.0356
   17.0032
   16.9709
   16.9387
   16.9064
   16.8741
   16.8419
   16.8097
   16.7776
   16.7454
   16.7133
   16.6812
   16.6491
   16.6170
   16.5850
   16.5529
   16.5209
   16.4890
   16.4570
   16.4251
   16.3932
   16.3613
   16.3294
   16.2975
   16.2657
   16.2339
   16.2021
   16.1703
   16.1386
   16.1069
   16.0752
   16.0435
   16.0118
   15.9802
   15.9485
   15.9169
   15.8854
   15.8538
   15.8222
   15.7907
   15.7592
   15.7277
   15.6963
   15.6648
   15.6334
   15.6020
   15.5706
   15.5392
   15.5079
   15.4766
   15.4453
   15.4140
   15.3827
   15.3515
   15.3202
   15.2890
   15.2578
   15.2266
   15.1955
   15.1644
   15.1332
   15.1021
   15.0711
   15.0400
   15.0090
   14.9779
   14.9469
   14.9159
   14.8850
   14.8540
   14.8231
   14.7922
   14.7613
   14.7304
   14.6995
   14.6687
   14.6379
   14.6071
   14.5763
   14.5455
   14.5147
   14.4840
   14.4533
   14.4226
   14.3919
   14.3612
   14.3306
   14.3000
   14.2693
   14.2387
   14.2082
   14.1776
   14.1471
   14.1165
   14.0860
   14.0555
   14.0250
   13.9946
   13.9641
   13.9337
   13.9033
   13.8729
   13.8425
   13.8122
   13.7818
   13.7515
   13.7212
   13.6909
   13.6606
   13.6303
   13.6001
   13.5699
   13.5397
   13.5095
   13.4793
   13.4491
   13.4190
   13.3888
   13.3587
   13.3286
   13.2985
   13.2684
   13.2384
   13.2084
   13.1783
   13.1483
   13.1183
   13.0883
   13.0584
   13.0284
   12.9985
   12.9686
   12.9387
   12.9088
   12.8789
   12.8491
   12.8192
   12.7894
   12.7596
   12.7298
   12.7000
   12.6703
   12.6405
   12.6108
   12.5811
   12.5514
   12.5217
   12.4920
   12.4623
   12.4327
   12.4031
   12.3734
   12.3438
   12.3142
   12.2847
   12.2551
   12.2256
   12.1960
   12.1665
   12.1370
   12.1075
   12.0781
   12.0486
   12.0191
   11.9897
   11.9603
   11.9309
   11.9015
   11.8721
   11.8428
   11.8134
   11.7841
   11.7548
   11.7255
   11.6962
   11.6669
   11.6376
   11.6084
   11.5791
   11.5499
   11.5207
   11.4915
   11.4623
   11.4331
   11.4040
   11.3748
   11.3457
   11.3166
   11.2875
   11.2584
   11.2293
   11.2002
   11.1712
   11.1421
   11.1131
   11.0841
   11.0551
   11.0261
   10.9971
   10.9682
   10.9392
   10.9103
   10.8814
   10.8524
   10.8235
   10.7947
   10.7658
   10.7369
   10.7081
   10.6792
   10.6504
   10.6216
   10.5928
   10.5640
   10.5353
   10.5065
   10.4777
   10.4490
   10.4203
   10.3916
   10.3629
   10.3342
   10.3055
   10.2768
   10.2482
   10.2196
   10.1909
   10.1623
   10.1337
   10.1051
   10.0765
   10.0480
   10.0194
    9.9909
    9.9624
    9.9338
    9.9053
    9.8768
    9.8483
    9.8199
    9.7914
    9.7630
    9.7345
    9.7061
    9.6777
    9.6493
    9.6209
    9.5925
    9.5641
    9.5358
    9.5074
    9.4791
    9.4508
    9.4225
    9.3942
    9.3659
    9.3376
    9.3093
    9.2811
    9.2528
    9.2246
    9.1964
    9.1682
    9.1400
    9.1118
    9.0836
    9.0554
    9.0273
    8.9991
    8.9710
    8.9429
    8.9148
    8.8867
    8.8586
    8.8305
    8.8024
    8.7744
    8.7463
    8.7183
    8.6903
    8.6622
    8.6342
    8.6062
    8.5783
    8.5503
    8.5223
    8.4944
    8.4664
    8.4385
    8.4106
    8.3827
    8.3548
    8.3269
    8.2990
    8.2711
    8.2433
    8.2154
    8.1876
    8.1597
    8.1319
    8.1041
    8.0763
    8.0485
    8.0208
    7.9930
    7.9652
    7.9375
    7.9098
    7.8820
    7.8543
    7.8266
    7.7989
    7.7712
    7.7435
    7.7159
    7.6882
    7.6606
    7.6329
    7.6053
    7.5777
    7.5501
    7.5225
    7.4949
    7.4673
    7.4397
    7.4122
    7.3846
    7.3571
    7.3296
    7.3020
    7.2745
    7.2470
    7.2195
    7.1920
    7.1646
    7.1371
    7.1096
    7.0822
    7.0548
    7.0273
    6.9999
    6.9725
    6.9451
    6.9177
    6.8903
    6.8630
    6.8356
    6.8083
    6.7809
    6.7536
    6.7263
    6.6989
    6.6716
    6.6443
    6.6170
    6.5898
    6.5625
    6.5352
    6.5080
    6.4807
    6.4535
    6.4263
    6.3991
    6.3719
    6.3447
    6.3175
    6.2903
    6.2631
    6.2359
    6.2088
    6.1816
    6.1545
    6.1274
    6.1003
    6.0732
    6.0461
    6.0190
    5.9919
    5.9648
    5.9377
    5.9107
    5.8836
    5.8566
    5.8295
    5.8025
    5.7755
    5.7485
    5.7215
    5.6945
    5.6675
    5.6406
    5.6136
    5.5866
    5.5597
    5.5327
    5.5058
    5.4789
    5.4520
    5.4251
    5.3982
    5.3713
    5.3444
    5.3175
    5.2907
    5.2638
    5.2370
    5.2101
    5.1833
    5.1565
    5.1296
    5.1028
    5.0760
    5.0492
    5.0225
    4.9957
    4.9689
    4.9422
    4.9154
    4.8887
    4.8619
    4.8352
    4.8085
    4.7818
    4.7551
    4.7284
    4.7017
    4.6750
    4.6483
    4.6217
    4.5950
    4.5684
    4.5417
    4.5151
    4.4885
    4.4619
    4.4352
    4.4086
    4.3821
    4.3555
    4.3289
    4.3023
    4.2758
    4.2492
    4.2227
    4.1961
    4.1696
    4.1431
    4.1165
    4.0900
    4.0635
    4.0370
    4.0105
    3.9841
    3.9576
    3.9311
    3.9047
    3.8782
    3.8518
    3.8253
    3.7989
    3.7725
    3.7461
    3.7197
    3.6933
    3.6669
    3.6405
    3.6141
    3.5878
    3.5614
    3.5350
    3.5087
    3.4824
    3.4560
    3.4297
    3.4034
    3.3771
    3.3508
    3.3245
    3.2982
    3.2719
    3.2456
    3.2194
    3.1931
    3.1669
    3.1406
    3.1144
    3.0881
    3.0619
    3.0357
    3.0095
    2.9833
    2.9571
    2.9309
    2.9047
    2.8785
    2.8524
    2.8262
    2.8000
    2.7739
    2.7478
    2.7216
    2.6955
    2.6694
    2.6433
    2.6172
    2.5911
    2.5650
    2.5389
    2.5128
    2.4867
    2.4607
    2.4346
    2.4085
    2.3825
    2.3565
    2.3304
    2.3044
    2.2784
    2.2524
    2.2264
    2.2004
    2.1744
    2.1484
    2.1224
    2.0964
    2.0705
    2.0445
    2.0186
    1.9926
    1.9667
    1.9407
    1.9148
    1.8889
    1.8630
    1.8371
    1.8112
    1.7853
    1.7594
    1.7335
    1.7076
    1.6818
    1.6559
    1.6301
    1.6042
    1.5784
    1.5525
    1.5267
    1.5009
    1.4751
    1.4493
    1.4235
    1.3977
    1.3719
    1.3461
    1.3203
    1.2945
    1.2688
    1.2430
    1.2173
    1.1915
    1.1658
    1.1400
    1.1143
    1.0886
    1.0629
    1.0371
    1.0114
    0.9857
    0.9601
    0.9344
    0.9087
    0.8830
    0.8574
    0.8317
    0.8060
    0.7804
    0.7547
    0.7291
    0.7035
    0.6779
    0.6522
    0.6266
    0.6010
    0.5754
    0.5498
    0.5242
    0.4986
    0.4731
    0.4475
    0.4219
    0.3964
    0.3708
    0.3453
    0.3197
    0.2942
    0.2687